dt     Re(F(t))  Im(F(t))
0.0000    2.000000   0.000000
0.2500    1.955398   -0.363003
0.5000    1.824856   -0.702580
0.7500    1.617905   -0.997109
1.0000    1.349595   -1.228439
1.2500    1.039311   -1.383272
1.5000    0.709252   -1.454164
1.7500    0.382688   -1.440061
2.0000    0.082146   -1.346328
2.2500    -0.172345   -1.184267
2.5000    -0.364791   -0.970167
2.7500    -0.484458   -0.723965
3.0000    -0.526653   -0.467618
3.2500    -0.493028   -0.223330
3.5000    -0.391374   -0.011757
3.7500    -0.234914   0.149642
4.0000    -0.041171   0.247994
4.2500    0.169514   0.276026
4.5000    0.375682   0.232609
4.7500    0.556544   0.122817
5.0000    0.693704   -0.042532
5.2500    0.772687   -0.247802
5.5000    0.784143   -0.473847
5.7500    0.724632   -0.699620
6.0000    0.596920   -0.903927
6.2500    0.409772   -1.067198
6.5000    0.177256   -1.173132
6.7500    -0.082398   -1.210073
7.0000    -0.348274   -1.172017
7.2500    -0.598476   -1.059156
7.5000    -0.811920   -0.877929
7.7500    -0.970067   -0.640557
8.0000    -1.058465   -0.364112
8.2500    -1.067963   -0.069191
8.5000    -0.995508   0.221704
8.7500    -0.844460   0.485950
9.0000    -0.624384   0.702595
9.2500    -0.350363   0.854040
9.5000    -0.041850   0.927451
9.7500    0.278817   0.915798
10.0000    0.588140   0.818447
10.2500    0.863286   0.641233
10.5000    1.083853   0.396032
10.7500    1.233456   0.099857
11.0000    1.300994   -0.226463
11.2500    1.281496   -0.559889
11.5000    1.176492   -0.876966
11.7500    0.993861   -1.155634
12.0000    0.747188   -1.376930
12.2500    0.454664   -1.526442
12.5000    0.137634   -1.595393
12.7500    -0.181104   -1.581276
13.0000    -0.479107   -1.487991
13.2500    -0.736050   -1.325462
13.5000    -0.935322   -1.108787
13.7500    -1.065307   -0.856972
14.0000    -1.120257   -0.591357
14.2500    -1.100695   -0.333864
14.5000    -1.013300   -0.105212
14.7500    -0.870301   0.076772
15.0000    -0.688419   0.198595
15.2500    -0.487449   0.252181
15.5000    -0.288594   0.235511
15.7500    -0.112686   0.152769
16.0000    0.021556   0.013978
16.2500    0.099102   -0.165842
16.5000    0.109877   -0.367924
16.7500    0.049628   -0.571312
17.0000    -0.079680   -0.754603
17.2500    -0.269985   -0.897733
17.5000    -0.507739   -0.983652
17.7500    -0.774971   -0.999770
18.0000    -1.050717   -0.939042
18.2500    -1.312698   -0.800606
18.5000    -1.539114   -0.589932
18.7500    -1.710412   -0.318455
19.0000    -1.810877   -0.002727
19.2500    -1.829932   0.336845
19.5000    -1.763026   0.677577
19.7500    -1.612055   0.996272
20.0000    -1.385263   1.271037
20.2500    -1.096647   1.483002
20.5000    -0.764898   1.617799
20.7500    -0.411975   1.666700
21.0000    -0.061416   1.627303
21.2500    0.263478   1.503721
21.5000    0.541439   1.306261
21.7500    0.754864   1.050613
22.0000    0.891159   0.756615
22.2500    0.943683   0.446695
22.5000    0.912222   0.144116
22.7500    0.802948   -0.128844
23.0000    0.627876   -0.352627
23.2500    0.403861   -0.511898
23.5000    0.151212   -0.596712
23.7500    -0.107959   -0.603248
24.0000    -0.351527   -0.534036
24.2500    -0.559133   -0.397693
24.5000    -0.713810   -0.208153
24.7500    -0.803329   0.016518
25.0000    -0.821155   0.255636
25.2500    -0.766941   0.487622
25.5000    -0.646505   0.691786
25.7500    -0.471321   0.850044
26.0000    -0.257535   0.948400
26.2500    -0.024612   0.978112
26.5000    0.206297   0.936412
26.7500    0.414118   0.826743
27.0000    0.579622   0.658490
27.2500    0.687035   0.446216
27.5000    0.725377   0.208486
27.7500    0.689410   -0.033654
28.0000    0.580127   -0.258397
28.2500    0.404725   -0.444968
28.5000    0.176089   -0.575338
28.7500    -0.088201   -0.635732
29.0000    -0.367239   -0.617792
29.2500    -0.638439   -0.519315
29.5000    -0.879332   -0.344502
29.7500    -1.069347   -0.103687
30.0000    -1.191470   0.187413
30.2500    -1.233609   0.508894
30.5000    -1.189584   0.838188
30.7500    -1.059648   1.151808
31.0000    -0.850501   1.427174
31.2500    -0.574795   1.644360
31.5000    -0.250170   1.787646
31.7500    0.102106   1.846738
32.0000    0.458781   1.817550
32.2500    0.796418   1.702510
32.5000    1.093203   1.510345
32.7500    1.330624   1.255368
33.0000    1.494883   0.956333
33.2500    1.577925   0.634938
33.5000    1.578014   0.314102
33.7500    1.499800   0.016159
34.0000    1.353878   -0.238903
34.2500    1.155878   -0.434995
34.5000    0.925152   -0.561166
34.7500    0.683171   -0.612422
35.0000    0.451762   -0.590058
35.2500    0.251325   -0.501487
35.5000    0.099167   -0.359563
35.7500    0.008107   -0.181482
36.0000    -0.014563   0.012683
36.2500    0.032346   0.201667
36.5000    0.143842   0.364796
36.7500    0.309176   0.483717
37.0000    0.512742   0.543938
37.2500    0.735373   0.536054
37.5000    0.955929   0.456558
37.7500    1.153055   0.308165
38.0000    1.306955   0.099637
38.2500    1.401051   -0.154892
38.5000    1.423386   -0.437033
38.7500    1.367655   -0.725604
39.0000    1.233785   -0.998333
39.2500    1.028016   -1.233654
39.5000    0.762471   -1.412460
39.7500    0.454249   -1.519662
40.0000    0.124119   -1.545438
40.2500    -0.205092   -1.486072
40.5000    -0.510275   -1.344295
40.7500    -0.769853   -1.129132
41.0000    -0.965475   -0.855240
41.2500    -1.083460   -0.541795
41.5000    -1.115878   -0.211026
41.7500    -1.061176   0.113500
42.0000    -0.924302   0.408695
42.2500    -0.716316   0.653736
42.5000    -0.453523   0.831666
42.7500    -0.156192   0.930693
43.0000    0.153041   0.945072
43.2500    0.450940   0.875519
43.5000    0.715487   0.729098
43.7500    0.927593   0.518622
44.0000    1.072568   0.261587
44.2500    1.141236   -0.021253
44.5000    1.130603   -0.307561
44.7500    1.044027   -0.575222
45.0000    0.890880   -0.804101
45.2500    0.685725   -0.977653
45.5000    0.447083   -1.084218
45.7500    0.195882   -1.117928
46.0000    -0.046279   -1.079130
46.2500    -0.258921   -0.974309
46.5000    -0.424368   -0.815511
46.7500    -0.529205   -0.619310
47.0000    -0.565386   -0.405411
47.2500    -0.530900   -0.194994
47.5000    -0.429939   -0.008943
47.7500    -0.272565   0.133906
48.0000    -0.073893   0.218353
48.2500    0.147141   0.234126
48.5000    0.369328   0.176773
48.7500    0.570927   0.048085
49.0000    0.731453   -0.143988
49.2500    0.833375   -0.385924
49.5000    0.863581   -0.659667
49.7500    0.814497   -0.944044
50.0000    0.684764   -1.216435